560943 3 43
234812341 3 212341
1039482 2 3482
123098 3 98
1341231 4 111
1234567 3 1234
431243 5 1
12983401287523908751 5 101287523908751
41098724089321750912873409821740981273409821 10 21750912873409821740981273409821
938214702934702194212 9 23402194212
2308948242141234122431102398430913247021897520189387129340983721409812730987402198 20 1102398430913247021897520189387129340983721409812730987402198
1028421472109423710948271412 2 2421472109423710948271412
32409128423 2 209128423
41234214 2 123214
12342 2 122
235563423543523 2 2353423543523
9646018659707619702096705242141906468917170107037593888657537793263957546556336897680908865 5 1659707619702096705242141906468917170107037593888657537793263957546556336897680908865
6707769222188948781318477718492565516207384662037204811884009877262882233760420997422435658 2 7769222188948781318477718492565516207384662037204811884009877262882233760420997422435658
6209321589666039213468471295482612884266761999241624798712356487899143809657636606489492560 24 11242612884266761999241624798712356487899143809657636606489492560
6363994776131250071185628950605513110530944958888307824218858612404866569755745963731609063 34 944958888307824218858612404866569755745963731609063
1169395196794910713969721333161871176346403203933643604408937238294710261267496953186824183 70 124653186824183
9706025742223069215946024316139871118808779288319380048344495905588455882883081157776708150 91 0
1519739664174679261136420343623691946480017777647639074027812766952287764006345752416791295 25 33623691946480017777647639074027812766952287764006345752416791295
7782435460592351101898667492982408137152763228116872601617925824480010886746372649003437683 34 112763228116872601617925824480010886746372649003437683
1125395690800278320886714955100949097776652206133384867766675821841182385981879596627233414 56 111182385981879596627233414
3954099603416351513659587852023313999411942697648965976236899035722601620056827960692367985 68 5627960692367985
5549657706696896357455194677499390721300973340119036327790832854530987097424891793772241918 62 97424891793772241918
1237642203824951753085496759802123549535244635136873295003543646185433248840815712105555957 78 555557
574872086774066698886553560283318466445040042944873654836084667526473727104541620263592139 6 86774066698886553560283318466445040042944873654836084667526473727104541620263592139
9896914167271290953778166168320818820261617307037526625660406432902912491374875547036019706 77 1706
6342943964839953142538530603046850246093729342345017077930356991756383977625220622271879264 39 22345017077930356991756383977625220622271879264
6166344152311206274208866212038675457918043565492662938757995948942237354460927340289240818 78 2240818
4032397626946741259075432236793516020935333642549727221193090665817385276479360315243916780 45 227221193090665817385276479360315243916780
4215146214767629205131526121500242683154811035768649576625649685782670495366401124347588310 88 0
1435085017143379300921657718248402929856223745824974244903982471347449314104898985929997314 78 297314
9761319971958914089174595437537656758019593444658261105377378447374547688545228247213281337 68 33344228247213281337
4710370672276016364452141025820283266755261428899876460505786331336156324769602954981023567 29 226655261428899876460505786331336156324769602954981023567
6915920617997816874115065436405052831562335218792775324896958970107102896484323662716965901 49 11224658970107102896484323662716965901
9359598527200539544159630501082533166413522659588036221751755391589877377197749993148842217 39 11225036221751755391589877377197749993148842217
9601486277108436061844232972547130724096851039398086814842321293959960150351375295890003888 5 1277108436061844232972547130724096851039398086814842321293959960150351375295890003888
3008897486806597441484933026868141521946100821010711792317980162576565826313761047358979901 39 1010711792317980162576565826313761047358979901
7886727655220584353884231941194665998625067790921491690797847247859744190890800549692349704 27 111465998625067790921491690797847247859744190890800549692349704
2626772245038904302802178465419264563292821769450498231138121589046061352881386929255797463 61 61352881386929255797463
4577969000314772029329537338565420309864322534859083591648005216798469832922681076469118129 86 0
521821951489094730120585830605139578928780297732189871087599426344105497175257915878248795 9 111094730120585830605139578928780297732189871087599426344105497175257915878248795
2029422076512071506063108913556657659040544394801999647697344975504049817737107601196922056 31 40544394801999647697344975504049817737107601196922056
8440857127369711545243915207709810026237239232208398789098883949524167873660733802515119701 22 11107709810026237239232208398789098883949524167873660733802515119701
1006575281829468574020204376101178294741050613511837400157888095463522127665226414122608261 14 124020204376101178294741050613511837400157888095463522127665226414122608261
1494694520833042356133173917428672551993149156726581112527980973814702999987231844059001877 77 1059001877
2849983388568646888817148659424655884534141421211438476534815184407274847326807178521318507 42 1111111438476534815184407274847326807178521318507
End